-12.03792 -6.37732
-27.13142 -39.00569
-7.94757 -10.92799
-35.66363 -8.05283
5.35138 -43.30615
-26.45663 5.50758
42.07113 -1.00505
20.07133 -12.03345
30.40875 -21.03720
18.39553 -36.99024
37.78642 7.42298
-43.79271 -9.17713
22.63582 -39.91289
-40.12604 -15.61879
-33.67659 -22.83769
32.68684 26.92269
30.32521 -28.98995
-1.49313 -14.22268
-10.12675 32.53420
41.65715 16.54898
-18.37185 -13.44984
-6.20049 16.81313
-12.62817 -12.87590
-17.79778 -37.13305
34.17762 29.24905
17.91257 -24.96008
26.51778 20.34700
-22.56419 25.33119
7.27540 27.54196
45.55499 3.39294
3.96542 42.58139
-37.30345 -29.37346
-7.18719 45.66435
30.49987 12.39536
-16.46033 -31.12796
34.82614 27.57670
-24.11877 -13.90686
-0.12826 -13.91826
-22.67821 0.11225
-44.53078 15.07565
-12.00028 -27.47812
18.48991 28.25449
-2.07189 16.81024
-10.04286 17.90202
-35.21963 -7.47198
31.12472 21.33210
12.92325 -26.74754
15.56521 -31.33814
35.57421 -2.92165
15.72536 37.71280
-14.23836 -22.32921
20.78962 10.98246
4.76251 0.03695
-45.67449 5.33543
-36.81736 22.01939
-2.18378 -47.56960
-18.74825 35.59023
40.90721 15.14670
30.68834 28.29709
-32.39298 -28.49470
-18.78518 9.91160
-12.43513 -33.17066
-24.05705 -37.22432
17.17814 -35.77820
-14.23827 -22.50173
-27.07107 -1.60988
0.63238 43.02885
3.98353 -0.64428
-42.51704 1.67464
-34.39114 31.06675
-7.72467 -43.20197
16.19251 -28.31237
41.18384 14.45278
-6.78043 -14.63406
26.64950 -26.09639
21.92986 22.08241
-7.05191 -38.25238
-33.74091 16.54828
-12.35026 30.71350
-13.27490 21.64430
14.68809 37.04385
-24.61385 -25.64847
10.90516 40.63959
-18.51208 -25.30844
-16.60718 -28.78734
19.45234 33.22447
-39.48549 -0.07784
19.25895 13.15962
16.21574 37.27035
32.77674 -10.92302
11.21718 -23.02814
9.24531 2.96466
-17.85986 16.38055
10.28251 -20.76224
-30.61507 2.01843
17.58898 30.03777
-34.39519 -2.38966
-17.85618 -39.87555
43.60703 -12.19932
-31.32126 -0.89164
16.80895 43.03869
-3.63244 -19.51211
11.43127 -38.55875
11.93698 -9.34912
41.34300 3.87624
17.15354 -12.59570
-38.76389 -20.32479
30.33083 -33.49016
-18.79073 -28.33564
-36.68983 -16.34273
40.62480 5.27411
-4.24357 -13.90613
23.26038 -35.51230
-5.58432 37.21096
-40.91126 22.16980
21.77500 -35.24403
30.44365 20.94631
13.92042 -29.00677
-46.11960 0.96172
31.11861 -26.94489
37.40735 0.25793
-35.76410 -0.93587
-0.38840 -11.12508
5.32161 31.90032
-26.69454 -34.07392
-2.49285 -12.68571
30.51256 3.84879
0.12036 27.68174
5.25833 4.04555
-4.46040 -39.53878
24.07868 -37.20666
14.79903 -40.43710
34.51237 -11.43478
-35.86188 -2.78912
14.91402 31.74241
29.57881 -3.92449
27.09887 -32.57766
-21.45633 4.37941
-21.50592 -10.44126
-27.39691 20.91095
6.61981 9.41083
35.87844 24.90808
23.65079 -3.77579
-29.99845 1.76260
-14.59083 -14.30871
39.37132 7.50014
-14.02207 -36.08824
34.03198 27.34581
-23.30312 -18.11174
-35.71718 -28.35913
-14.42686 18.95003
-36.46139 24.34985
-2.36199 43.24229
-18.77624 -33.06144
-2.69431 -37.48769
-23.86242 -14.09935
-25.34856 -31.42325
11.53210 -0.05558
-2.13272 -38.91096
21.12825 12.31699
46.43797 -9.94588
2.53783 32.03311
30.20396 32.00604
-15.75559 -32.65211
12.47974 10.18422
18.02623 -44.07277
1.50824 -21.68919
-10.97789 4.17753
-10.25084 -28.66346
-9.70919 1.40718
3.87239 6.34793
-11.40734 -39.66682
42.74416 -11.19215
-41.25895 10.78608
-23.44978 24.13460
29.93938 -10.91715
-32.06873 5.71434
-36.01869 -3.44077
32.11020 32.61480
26.19389 -20.13637
13.83750 0.18323
-11.78591 -25.71394
10.15379 -44.77957
-3.69478 -43.35777
9.82634 -46.64247
-22.41473 -29.20178
-1.96960 -23.36142
15.74859 17.32260
-17.54642 -1.57043
-13.29670 -27.77432
14.88693 27.78990
-41.85291 -17.00980
-9.87189 -36.54801
-11.71470 26.83614
-20.15371 -32.81395
21.39740 7.18238
22.82886 4.60805
-13.96048 -13.30043
29.57818 19.49980
29.91151 -29.67431
-44.01960 -0.94508
21.12920 40.08263
1.90989 44.39379
-6.42164 11.81434
22.46300 -15.11766
0.98863 7.85195
16.39362 -35.44156
44.54744 15.36801
-18.16207 -4.84564
-3.11742 -23.78794
-39.13289 11.30814
-20.82620 40.12864
-40.72043 7.67680
-15.58113 30.45995
-13.02789 16.29519
16.38569 37.92711
14.57468 38.30887
-33.20680 2.22784
44.04016 -8.70253
32.02799 -18.05672
-16.52330 0.11072
19.78262 -14.40311
-41.87466 -18.63245
29.46593 -3.02182
17.12776 6.05720
16.91884 -2.35440
18.91320 -39.73202
19.04360 -37.43930
-37.82437 22.41531
8.37109 -46.39566
28.24937 -28.81613
45.56876 -6.32318
9.89627 -35.32841
-20.41581 18.46444
-16.84552 12.62255
25.62045 7.00848
-5.65834 -27.45132
-2.91857 -28.61570
32.38964 -30.81461
17.54024 41.64438
33.16210 -4.69247
-22.48034 11.10848
-35.37517 -22.82451
-44.06478 -9.87517
-29.19786 19.29170
-12.83168 24.48103
-4.41500 -33.33545
-27.13902 -26.67284
-26.69965 -30.83212
2.42293 -37.62104
-19.74265 -16.87780
12.76975 -10.88536
-2.33765 -17.53414
39.06353 17.75913
-41.19638 9.74282
23.02410 -13.46011
24.21883 -37.67371
-39.32783 6.98326
18.03788 10.17992
-31.58839 21.92962
22.03319 -35.01701
-37.85150 5.87539
-25.38661 -39.15403
-21.78412 -29.57695
-33.09571 20.18130
-9.48715 -11.12969
43.28816 14.95106
12.21778 29.82055
-36.56172 -20.66924
6.49851 25.81989
-46.08066 5.81938
-5.64237 -13.69588
-26.49363 31.49392
-19.80044 -25.08184
-27.46515 21.24385
14.78620 -14.24508
-38.26411 7.26886
13.43563 -2.60171
-0.85175 -25.50289
-17.12005 -32.65638
-9.76209 22.93586
3.84398 -43.22147
42.05651 9.53295
16.99075 18.72281
32.91634 -2.62625
39.71464 -19.41899
1.82277 -3.69450
-7.75931 16.53819
-31.28334 -4.14954
25.00358 26.20529
41.82285 20.15374
10.80691 9.44108
6.20218 21.05194
13.02866 -44.11763
-20.18716 29.91311
-25.05970 -31.42836
-30.98510 -13.20656
15.89427 -16.32810
16.65297 -25.61346
-42.45560 -6.47509
19.65859 19.94586
3.46744 -13.65079
39.37949 -25.77979
-33.18594 2.39563
-44.87949 10.52663
-31.88368 -11.83472
16.47888 -34.27750
-13.67009 -9.76424
-40.61218 -0.02143
1.45607 -28.45931
-34.20137 29.01078
27.86890 25.17348
-13.74475 -30.67152
27.29630 29.30046
-6.10385 -31.74823
-36.33319 -5.02228
-35.08536 14.54310
46.03381 8.04053
12.94617 -3.80006
-3.56698 -19.31365
30.48304 -5.21743
-14.80140 42.78266
1.64917 30.02559
-5.67567 -39.82860
32.78408 17.04404
-22.96062 -15.14571
36.93536 0.52144
41.43994 15.43132
21.31759 0.18786
30.01426 25.78177
35.39854 29.19251
-15.44665 8.53953
30.27858 31.92956
4.25544 -28.85817
-0.72827 7.47536
3.46707 -19.49708
8.75567 -2.53588
-40.36132 -6.34023
18.70748 25.51069
22.78607 20.06552
21.26699 30.82751
-28.40924 21.22503
-22.58472 -1.77294
16.78482 -34.57769
1.15887 -10.00766
34.82058 24.62731
8.92388 -40.58880
-40.28695 -4.29732
39.98678 7.29766
14.75191 -8.72252
33.77104 -23.38449
31.08356 -33.98443
-30.23175 27.35358
-14.42561 29.00434
35.07611 15.20942
1.50729 12.42205
-44.17741 11.80589
-36.23711 13.82977
-23.63252 5.33245
5.10593 1.65427
-32.58880 25.26252
-5.90500 -22.53506
2.84433 19.34000
-24.03690 -28.32228
-34.40268 -25.85698
-5.89199 35.07182
34.48381 -10.36022
0.88866 34.65499
11.04668 -1.91766
23.38896 -37.86881
5.19606 -0.11247
-4.84174 37.18447
-36.71165 -25.44699
-39.16689 14.54183
-37.47933 -24.95871
-45.61884 -8.52202
-23.30987 13.46608
-13.77772 -34.25126
-19.30338 -24.83040
9.05590 -29.27131
-2.27344 -30.11080
-10.26380 31.57584
22.32308 17.68591
35.77893 1.07000
-38.59802 27.99278
37.23474 -9.86294
-5.82309 -27.79694
-26.51926 -33.10524
6.36783 -43.11038
22.95826 38.96741
21.12775 11.79279
37.13853 -25.93998
-9.69384 -28.69751
1.53030 -7.23110
-13.52251 -42.79803
-25.54897 29.06014
35.60311 -10.22151
22.86856 9.85777
14.40602 -24.52055
-5.64227 5.77098
-39.93275 -15.29593
-3.45492 41.94693
-40.75774 19.96512
29.15261 -10.37030
0.61116 -6.44185
-18.12489 13.19783
15.02805 -29.54426
29.00677 13.73648
-13.14064 18.68424
9.11574 -3.87640
-10.84039 -18.22127
-37.85961 7.85112
40.43645 -9.29276
-28.37377 29.82420
-16.15608 -25.78703
-8.89166 -24.15922
14.24394 -16.94477
-17.39408 20.13615
41.04191 -4.34860
32.31062 20.03207
-6.64256 -42.66497
-33.85152 1.88708
17.70488 17.42823
34.89259 27.26331
36.84956 -2.08507
5.18666 23.91351
-6.55462 3.02020
11.60989 18.01507
-1.10129 28.12228
-46.63071 -5.88219
5.70403 32.91576
0.42618 -9.24197
28.62612 6.99305
-37.27882 12.76706
-44.69275 -2.90752
31.74805 -0.03955
16.80474 -17.62331
-4.05572 33.39090
37.83721 -11.73275
21.20334 -41.76587
21.93227 29.89840
-25.27965 -30.58808
10.10940 2.98381
-14.75262 36.56113
29.28855 7.28869
-12.16312 12.45549
45.49729 6.66384
13.01580 23.34835
-34.87379 23.75356
18.21614 -6.81091
44.89223 14.47642
17.41008 -29.92297
-28.32436 25.03650
24.85788 -27.77769
-29.93305 36.12351
19.11649 -5.31802
26.13385 -9.97743
-3.81503 -1.67236
-7.83716 -45.07498
23.41496 38.70052
33.18534 33.90238
-30.24174 -12.67091
32.18991 -3.88882
41.08317 15.98272
-30.64405 -12.47813
33.19549 -13.37687
17.81808 31.30988
-23.36571 33.68872
30.87426 3.05644
20.61432 -32.71336
22.13991 4.10243
7.01061 -5.58482
30.39073 22.01709
-25.97457 -22.53042
-5.14213 -2.14111
15.22005 -11.73903
-30.89845 30.79548
25.31703 -21.29718
-0.09730 22.51224
11.45813 32.53104
24.09425 39.79242
39.91993 4.78369
45.14340 -2.39072
-7.73055 21.52063
-42.62186 -17.61409
-4.69018 3.25826
-6.67612 -21.33177
-23.37672 -19.17835
13.02665 -15.95170
3.35072 -24.88520
29.45876 25.27336
-14.48349 14.68836
45.02000 14.09919
-33.39539 -14.10380
8.96407 6.54925
21.78496 13.97679
-28.30701 -28.80078
2.40025 -15.72488
-4.91025 5.15714
-17.73911 31.96324
14.70892 -4.49006
21.64070 31.13600
-0.74887 -42.60120
26.28747 -39.55414
-44.73975 -6.26448
35.09929 1.12586
43.96176 -0.13193
-28.22444 34.51774
-18.94387 39.16042
11.31434 -33.72425
21.32213 30.39702
8.41919 2.06358
-18.47918 -15.34936
9.05844 -40.87036
26.98161 15.79615
25.55190 31.19889
12.09977 -11.24480
-36.11449 28.92522
25.85508 -9.83164
-38.09237 18.54494
26.32261 -20.82603
-44.63978 -1.74574
-24.55605 -30.57832
14.14759 -11.51477
-25.69984 26.92719
2.45468 23.94776
5.60040 28.63417
-18.54398 0.29094
26.84531 -0.50135
-10.62142 -42.81170
-4.95011 -1.41395
36.78846 19.66817
-13.48205 6.61481
3.60678 44.24107
-13.28063 -13.00633
-42.87769 -7.43076
35.95810 26.45369
-6.78490 -9.30525
35.21448 5.18004
26.75896 16.11473
8.11401 30.66564
-3.55725 -30.36655
9.89902 -36.58602
-33.73810 0.42248
14.01011 19.74207
-21.40778 0.26346
-2.84453 -26.18814
18.52418 5.45580
-23.46147 -36.93440
-27.35322 9.95868
46.87069 1.98911
38.82206 9.04527
-30.75410 12.74360
18.61904 -29.22056
15.73256 15.91655
22.43003 -41.53115
17.85277 -9.80642
0.28344 7.04950
-34.81577 -15.06429
2.89004 -37.91268
-41.54195 -3.47155
19.85127 23.78188
-10.13180 -13.65446
12.16502 -24.34668
39.32089 -5.39554
41.20643 -20.07603
1.47691 25.92237
-25.32136 24.20847
-15.69058 -34.19077
-11.84493 -27.46233
5.19006 -0.78182
-34.81767 22.41035
14.09964 40.01428
-18.08469 13.48069
44.59625 8.88089
-19.13243 31.71557
-6.98449 18.81985
33.99921 -1.86358
-44.52677 5.93715
-8.37486 45.66313
-1.19416 -3.72705
44.93244 9.18718
-46.84248 -6.66910
-25.48942 12.11442
31.93855 -30.38048
10.11321 35.61331
-11.11319 -25.01308
-4.20797 36.97809
-8.53453 22.22373
-19.06329 -43.08530
-44.25535 14.69361
35.77761 26.28534
-4.10998 19.44398
35.83227 -13.69437
37.80100 26.04258
12.18756 -19.49342
-13.14285 41.51118
39.10495 21.96991
7.77539 16.82803
9.48911 41.46516
10.22945 12.76276
-41.20980 -21.28931
0.14769 42.79812
18.81955 40.94177
18.96810 -16.03117
21.96719 -39.56721
12.89179 0.22240
13.44851 -3.29947
-0.58619 -3.39692
6.81505 22.83215
14.44197 -31.59343
43.94235 -15.49345
-2.50493 -24.61350
18.29945 22.24210
-31.37115 6.06609
-10.96142 2.01841
-38.22507 -16.69371
-26.79186 22.86761
-8.82585 22.90516
-44.04301 -13.16496
-11.29308 33.34475
14.23505 -44.89886
43.74081 6.68442
24.07085 2.67233
-46.09458 -3.63650
-36.44107 17.43150
-3.61857 -9.40495
31.57005 -25.85742
18.53693 -36.70108
-9.19734 20.17688
-8.01998 10.33209
-38.98618 -23.30759
19.07319 16.19381
-26.74407 -36.36037
-44.36542 11.49025
36.30814 -9.95805
14.61538 -31.34703
23.92136 15.35783
29.17979 29.33258
-1.43358 16.23491
-47.14990 -6.72516
-20.34164 -41.25334
22.19483 40.64138
-9.60146 9.63014
27.27495 7.77765
28.86551 -28.48109
45.18807 9.79533
27.11099 -5.95733
15.24977 -44.38285
25.74989 -6.86466
43.80441 -0.05707
10.99983 -6.47138
15.74769 38.92836
-28.83485 -37.31584
17.32554 -39.63825
3.32440 -24.64604
7.90367 13.09977
-14.93728 31.17938
5.44049 5.59766
8.06677 26.01288
45.50721 12.82426
-11.48354 41.32341
-18.50843 24.03364
9.68018 3.33943
9.56297 27.41941
7.32096 42.22105
8.14896 20.60392
9.36703 -10.22967
12.96957 -37.87445
18.34875 8.35608
7.02954 -44.99285
-16.60317 -22.63601
-17.98556 39.37278
19.36422 31.48997
33.03030 17.28038
-20.12150 -14.43666
12.80716 -42.91693
-30.28373 -6.76720
14.35948 -40.10847
40.34464 -0.73001
24.73506 14.46125
-4.72083 27.14829
0.32691 2.30342
-23.12880 -18.88222
-40.08138 2.12416
-18.76621 -3.07531
-19.02368 26.22813
13.08318 44.90312
-0.03275 -17.95494
-14.78451 -0.74516
-31.54668 14.67089
-16.79593 32.29507
-21.66184 -4.46072
-0.55232 -31.50211
-29.91376 -7.31821
22.32424 21.89528
10.10432 -29.42572
-39.21883 -6.17097
0.73920 -17.11482
3.52809 39.84276
-43.38923 14.36292
15.16864 37.05825
-0.68992 -19.59742
39.28719 -6.05674
-20.90419 37.69371
28.13481 -35.76193
-33.98610 3.13822
4.41311 38.34379
5.36182 -33.82441
-3.06600 -39.03280
-25.02283 21.93254
-32.78806 -4.89602
21.91539 -11.90951
-17.10316 -33.32052
-35.44052 -5.24313
38.55077 20.48486
-21.04260 36.67686
-16.54655 -43.06084
6.56661 -15.10496
26.14552 21.42417
24.60860 -27.35097
5.96006 25.66673
-9.57692 -30.45492
17.30254 -37.83121
14.91924 17.70721
-16.12491 -2.01584
41.11971 5.88806
-15.83333 -24.83669
19.05592 -37.97009
1.92981 -21.07698
5.57987 -32.97174
18.29826 10.33167
12.58303 -4.18209
18.50735 25.48516
28.99804 -31.81402
16.38055 22.91747
43.78968 -17.14446
1.63870 26.49135
13.57656 0.65158
-37.35202 -1.83325
21.48525 1.71479
4.53271 29.89272
-31.68459 -4.25291
-36.43031 -6.85899
-3.68150 19.90136
-30.02997 -14.67257
27.63461 31.72324
37.46268 6.71301
11.38274 -25.81718
-21.76642 -0.23907
-27.02065 11.52329
-18.34507 25.41963
-4.30181 -27.67844
22.49779 32.75631
16.30428 5.52681
-4.03514 27.16731
-17.56295 -32.08616
-1.87554 -42.24593
-38.75408 -5.71549
-15.63948 32.44480
-34.50779 -26.52322
-20.30201 2.73007
28.77082 33.93735
-17.81267 -36.56317
15.70176 23.81922
14.47823 11.01687
1.61907 -17.47106
-10.74214 41.72343
19.83700 -8.57521
35.47778 7.15575
22.65329 32.40263
23.31988 13.01229
21.46213 41.10902
-8.90715 4.89111
-8.95117 5.29892
0.39328 18.88748
-19.41825 35.79131
22.68859 -13.18045
-2.20177 7.79372
8.63875 -44.59067
-20.07954 -10.96286
-31.25548 -14.62799
28.09680 19.48676
18.18273 20.80952
-20.75062 -19.39877
10.74671 -10.58629
-39.58229 11.04593
9.29356 -37.33691
38.35467 2.73761
20.77395 41.50712
-44.78467 3.73032
1.54671 4.24528
24.38201 -7.04283
0.11389 -18.71142
9.84854 33.13584
-11.38608 15.05034
21.36831 36.33922
-5.88010 11.19771
-40.87710 -23.22097
8.17774 8.15196
11.65477 28.15043
-2.83331 38.34051
15.92754 14.24358
31.89776 -4.98462
-38.15504 -13.68379
-7.43208 -38.85529
-16.86917 32.60675
-28.81630 26.24903
-10.25824 -33.16469
-3.09293 -0.73462
27.94894 -38.29614
0.35387 14.34887
14.68449 -39.20178
-32.08838 -22.69713
25.52466 10.53765
-29.50381 18.87477
30.93638 -1.76079
21.39446 -2.11644
31.37106 25.20235
-37.47481 -0.67610
-27.35416 -13.65308
-33.45829 -13.11275
13.41789 38.82847
-40.63265 5.55222
-10.20298 34.19034
-10.37230 -41.30084
14.64912 27.08160
-30.12292 26.38145
17.59404 -20.36752
-39.57624 10.74668
-32.54473 -33.23389
36.61308 -5.78676
-6.49997 37.30574
22.09750 30.38355
-21.60181 40.45665
-38.81434 -21.79435
-21.67174 -21.44901
33.79172 8.70438
2.96488 -19.57177
11.40853 -0.34397
-41.80760 -21.81903
38.07606 3.43751
8.70388 -27.25992
43.85295 8.98621
-3.11072 3.17214
39.18189 -17.19516
22.15631 -26.42995
15.41343 10.41071
-1.65519 -29.13827
-25.27766 -14.64018
-30.83864 15.74015
1.02913 27.80572
7.48300 -29.00534
-13.28234 2.29424
-4.75597 -3.70309
-22.44522 -1.06581
-34.99977 -13.30209
18.01638 34.70983
15.01963 -28.30520
24.93310 35.90306
10.65407 -41.05481
16.47764 -16.25210
45.20635 3.99045
4.44428 31.89232
-14.50477 6.81586
5.46559 -27.23430
21.07453 19.39334
-26.75714 -7.81153
35.89011 17.72653
-33.26493 -29.78459
-8.49163 44.12852
-21.71526 -20.38983
42.65750 -19.87459
-9.28605 -23.56059
-14.32471 38.77798
4.51982 11.12788
-24.86642 -5.22079
-8.02550 46.09259
39.51539 -2.33581
-7.75778 45.80681
-3.41749 -13.35693
33.70746 32.45850
0.36858 3.22659
39.65839 5.05120
-39.90884 22.18119
-22.44000 18.78870
10.81847 0.77950
23.92609 31.56869
0.86059 0.64074
29.95255 -3.84583
37.41905 -10.20085
-8.58354 33.96164
-11.77161 26.48235
-10.29210 36.59343
-5.52408 6.45338
-13.12364 40.62175
41.20722 -12.85431
-39.34103 -19.96108
-21.13037 4.80295
-38.89281 -5.64273
-15.68894 -17.02191
11.37795 10.10514
40.57335 7.93743
4.03498 44.99805
-33.94225 -1.30808
11.09284 -39.79841
11.67695 43.63490
23.90724 18.09067
7.24029 19.69367
-22.98773 37.21154
-14.76055 40.68539
2.89097 24.09681
7.56161 -0.16018
32.07575 28.67315
43.95068 -8.43728
-1.06122 -45.10102
-31.29864 -24.48522
-7.13700 -4.76179
-0.83911 -7.31186
-21.03167 -14.18417
-20.72371 5.13030
-11.02902 11.22269
-4.97306 21.32363
-35.15445 22.73182
23.35430 7.45236
36.10657 -6.70960
32.62052 -12.12225
-6.41999 9.99889
1.56995 23.43072
13.03610 16.77521
6.62019 -38.92881
-5.83055 17.67448
8.41537 -34.92484
19.41043 -33.99641
4.17287 -0.70827
-38.11211 10.62780
17.49672 -1.31910
3.51832 -3.19238
33.17612 -20.32301
-13.09247 36.76265
-1.79670 21.00330
40.55201 23.77066
-25.50167 -32.69257
-5.49875 -3.13972
-3.60185 -11.31667
8.21564 -12.04973
-20.83337 10.92259
-13.85381 -22.91453
23.16260 9.60093
-32.56345 -28.18086
-38.62711 19.95675
-13.66169 42.55118
46.89481 2.28519
8.65893 3.66215
-14.56390 30.55118
-24.95842 -30.65595
-8.21889 11.21191
34.22502 -27.91044
-14.92136 -40.04401
15.35747 -38.18537
21.91081 -27.90699
-15.85000 26.47369
12.32347 -17.97137
-6.43941 36.17968
16.60246 -8.82869
26.79746 -39.27036
7.58648 -26.51977
1.70005 16.16031
-28.41279 19.55876
-26.81621 -36.43091
-3.41691 -8.18080
31.81127 -31.00070
-39.25186 1.29637
42.44279 21.47120
14.48699 43.93262
23.35916 35.30384
12.98009 -37.62676
1.18241 7.84774
21.47580 5.98342
10.11849 3.88278
14.30848 1.56581
17.18436 25.60846
11.32042 -17.10762
-45.28131 14.41795
26.67591 34.98271
31.57503 -7.98957
32.76883 -0.33396
23.25887 18.54008
-6.88195 -42.00219
-13.18808 18.28698
24.86250 7.52943
-19.43927 0.82394
-40.90996 2.00144
-8.71849 -40.85873
-8.39881 -29.85894
-4.37842 28.93907
-3.23704 -36.70340
41.99333 9.40254
-8.66837 -10.93190
0.69514 -2.64511
